# Instance               Cost    CV Permutation
n80w20.001.txt           616     0  17 37 39 29 58 31 34 53 64 77 19 79 50 38 9 2 33 1 6 48 8 3 74 66 54 49 14 15 5 7 73 55 44 56 76 22 30 71 24 35 25 60 62 47 20 32 21 61 13 18 4 65 52 41 46 16 28 67 68 59 43 23 40 57 72 78 36 12 45 51 27 70 26 42 11 10 69 75 80 63
n80w20.002.txt           737     0  38 64 30 36 22 61 11 31 73 18 21 16 5 3 13 58 2 53 48 19 9 6 32 8 44 57 1 52 56 23 51 29 24 66 20 41 43 35 74 37 40 7 27 49 55 26 42 76 4 50 15 63 17 71 34 79 47 45 72 25 12 78 33 46 70 75 59 69 39 67 68 54 14 28 60 10 65 62 80 77
n80w20.003.txt           667     0  46 11 50 8 66 34 44 48 41 10 6 3 45 52 69 13 24 2 61 17 20 75 9 30 25 36 73 77 39 42 58 59 55 43 49 56 72 64 51 78 4 53 74 28 57 76 31 35 14 12 40 70 16 37 71 62 26 1 67 18 60 15 27 38 47 65 19 79 22 33 21 7 23 54 32 29 63 5 80 68
n80w20.004.txt           615     0  70 24 47 74 20 65 14 16 10 8 22 72 53 39 9 12 62 63 5 25 75 42 29 23 67 31 11 73 56 51 64 34 43 45 21 15 61 40 44 36 3 48 30 17 79 18 19 35 37 38 57 6 66 60 1 77 41 27 69 68 49 50 2 7 76 28 52 59 58 54 46 26 32 78 71 4 55 80 13 33
n80w20.005.txt           748     0  63 16 12 22 4 47 70 9 71 58 66 39 64 5 61 27 50 42 54 11 69 20 6 31 78 48 55 59 53 18 37 2 62 68 34 7 15 28 46 73 74 75 32 49 25 35 76 41 10 65 38 19 67 30 40 36 43 29 26 1 45 52 44 17 51 77 57 21 23 3 79 8 13 14 60 72 56 24 80 33
n80w200.001.txt          491     0  61 67 7 31 15 39 4 48 37 54 22 10 60 74 73 24 46 29 32 23 76 6 47 78 63 18 62 11 51 12 75 77 30 27 2 58 5 16 25 71 45 26 55 9 65 1 49 14 34 72 50 68 43 36 42 70 3 28 21 59 53 35 44 33 20 79 52 13 56 64 8 38 40 41 57 69 19 17 66 80
n80w200.002.txt          488     0  7 69 39 35 32 46 44 56 47 40 50 48 76 60 38 51 25 58 42 3 41 37 34 13 66 77 70 67 31 18 11 2 30 59 53 65 49 79 45 62 8 28 26 78 14 52 10 6 57 74 71 4 22 9 5 33 75 72 54 43 15 27 12 24 1 21 61 16 19 63 20 23 80 64 36 68 73 17 55 29
n80w200.003.txt          466     0  59 54 28 5 51 18 69 42 32 47 64 38 9 37 1 52 78 67 72 40 74 7 76 35 50 31 25 39 44 60 15 41 17 56 79 27 21 10 14 62 33 65 2 71 22 13 45 61 30 73 66 24 3 36 75 23 43 48 46 49 70 57 29 26 6 12 77 11 53 20 34 63 58 8 55 16 68 4 19 80
n80w200.004.txt          526     0  62 34 22 8 60 10 29 54 48 2 13 35 20 12 73 56 33 18 16 44 41 51 45 77 31 61 53 75 66 28 15 11 24 6 3 76 1 67 68 39 27 40 4 79 14 17 21 55 50 63 52 49 65 59 74 70 64 25 9 38 42 36 30 37 7 69 32 5 58 72 19 78 47 71 26 80 43 23 57 46
n80w200.005.txt          440     0  57 45 50 43 15 1 14 36 66 76 38 39 30 72 49 19 33 11 25 69 64 16 52 47 8 44 73 5 79 60 46 74 59 18 77 42 23 20 61 27 21 17 31 53 12 62 54 24 6 7 48 9 32 34 22 78 13 4 67 75 51 3 63 2 65 58 40 28 35 26 68 37 70 29 10 55 71 80 41 56
